,L1A_abduct,L1A_flex,L1A_rot,L1B_flex,L1B_rot,L1C_flex,L1C_rot,L1D_flex,L2A_abduct,L2A_flex,L2A_rot,L2B_flex,L2B_rot,L2C_flex,L2C_rot,L2D_flex,L3A_abduct,L3A_flex,L3A_rot,L3B_flex,L3B_rot,L3C_flex,L3C_rot,L3D_flex,R1A_abduct,R1A_flex,R1A_rot,R1B_flex,R1B_rot,R1C_flex,R1C_rot,R1D_flex,R2A_abduct,R2A_flex,R2A_rot,R2B_flex,R2B_rot,R2C_flex,R2C_rot,R2D_flex,R3A_abduct,R3A_flex,R3A_rot,R3B_flex,R3B_rot,R3C_flex,R3C_rot,R3D_flex
L1A_abduct,1.0,-0.8450285024862159,0.40053736502437015,-0.8125973750122498,0.42565146779598956,-0.595468243057045,-0.04246455330881647,-0.33847110662989854,0.36793915454625786,-0.29907108124442217,0.22228086865721658,0.005040420041675691,-0.3298964664460554,-0.014780190520554752,0.10697789857330815,-0.0629468836960825,0.0559161997052909,-0.27420449578535205,-0.09629931260652583,0.15876955384401262,-0.22202325111278223,-0.028114342504873262,0.0333184471480388,0.02684250645995757,0.5581973778069342,-0.2868595114752567,-0.20237978627987152,-0.40410348285674413,-0.08253287827481035,-0.20425354439481988,-0.07550077255190367,-0.06938900231245558,0.6066808934709911,-0.0628377516849002,-0.11671741970363127,-0.062310470409244784,0.14877553026750753,-0.05005362558328462,0.031169921971911894,-0.041665852094036795,-0.01867775831440691,-0.137409295332743,-0.046313495317704255,-0.11015952182778646,0.2748098312349959,-0.13802465199135322,0.04123005111754743,-0.008949134696583677
L1A_flex,-0.8450285024862159,1.0,-0.3428214464888836,0.8157638648615785,-0.4549526926091253,0.7027467361884401,0.09689153554322938,0.46801710513030004,-0.11460174391138854,0.17256296750398567,-0.12890786021235653,-0.08968346826140004,0.22108767143509886,-0.04906478176239296,-0.11300196005233142,0.015292986225669394,-0.058367843256256456,0.20992949432168675,0.05023764460591626,-0.01810306337263738,0.20947473934236982,0.04416109750682108,-0.044338064748430245,0.01630172507587824,-0.3625571631975973,0.29444837404573687,0.16508908745968032,0.2821947299966182,0.0037343691580880535,0.13754112385229536,0.06459538351470465,0.025474297896391725,-0.25603605855965417,0.0410780384559268,0.062110718616584036,0.0056381472296954315,-0.10339120381552801,0.03843642118472402,-0.013743133264720006,0.041938603305409126,-0.05135473902132169,0.17077699080290298,0.0268498813858846,0.08301545334622565,-0.24612001369374262,0.09951996274234258,-0.011506250672943209,0.012725583337334888
L1A_rot,0.40053736502437015,-0.3428214464888836,1.0,-0.40631756139530045,0.1636289407612994,-0.24296224717772735,0.5612789826315241,-0.1174264220782211,0.1304512290404603,-0.39667669231479663,0.43256766257542706,0.04319512326522699,-0.383170294226361,-0.0003944776156425198,0.3765401782765214,-0.10011637774141467,0.15750411384512436,-0.3290175375270065,0.08693636599494885,-0.00032251150637126246,-0.4000161437094247,-0.15816369809251318,0.28898775138712957,-0.16945386436950405,0.21540523485663335,-0.14516342986952666,-0.0045915246471475175,-0.2184393919535556,-0.15794150743038646,-0.1419062830595964,0.02047261685930317,-0.045974062348271574,0.1452298718721357,0.04355045485200464,-0.0455768993877553,-0.08809823756428768,-0.022231560300780596,-0.13794515903786098,-0.012724930321980658,-0.14839803197453932,0.08844707436345273,-0.008571633890065706,0.3077979685392831,-0.22273237312066035,0.18941624610943025,-0.22947449552043508,0.10985075827264008,-0.11016470537773147
L1B_flex,-0.8125973750122498,0.8157638648615785,-0.40631756139530045,1.0,-0.7548006380206567,0.8037779903377492,0.17397754022476233,0.4701281053391384,-0.21098632219392516,0.2437279999029048,-0.24642885862470137,0.05257552230441685,0.26778272085619875,0.020833052985325718,-0.129212828645317,0.021171970339577784,-0.060774342035526605,0.2278629395633632,0.02015369288475652,-0.04776485072636183,0.24565956524738883,0.05328946922055204,-0.03244660261892425,-0.015200914534089055,-0.3985115706420072,0.2358096979677689,0.10789669429483406,0.35165651665427394,0.102305287959154,0.1975193159192791,0.0027190093847613635,0.05074967533628547,-0.40172452254505575,0.01776454394217359,0.08486351083888861,0.10738594380411404,-0.07701169001713122,0.09653167475459701,-0.06931871851060512,0.04825200537371064,0.013355426628386116,0.10307490535500954,-0.008028891332271432,0.11756407235635047,-0.24875355770663404,0.1210512035911527,-0.04891865100128781,-0.01775728881066418
L1B_rot,0.42565146779598956,-0.4549526926091253,0.1636289407612994,-0.7548006380206567,1.0,-0.604513375621756,-0.2589070453865927,-0.38595440204545617,0.10790674684942575,-0.09688943589330118,0.14672182898026023,-0.17213596074452062,-0.05354541799326216,-0.05880657136529522,0.02563990697941711,-0.0016869465749048866,-0.018217767612546183,-0.0566430516260933,-0.019103719474966724,-0.001378981135736318,-0.09811035138324158,-0.0369152190180895,-0.02639880929153401,0.02145971355293731,0.13767255060742736,-0.0325384830604236,0.04717984960201935,-0.17041609912996494,-0.1062677034758659,-0.12016925811052998,0.10902594725216726,-0.019747902862977482,0.23447096343570212,6.458186851085233e-05,-0.05071275782217004,-0.10251266638053272,0.031288211542643635,-0.08381847119889724,0.07738943565251319,-0.003563371724066871,-0.06458270874775307,-0.034769124144152314,-0.04217915415005848,-0.02038228035721967,0.09894280654950245,-0.02218863167504009,0.00483791484895006,0.0500793388262272
L1C_flex,-0.595468243057045,0.7027467361884401,-0.24296224717772735,0.8037779903377492,-0.604513375621756,1.0,0.2714044273918389,0.7552894853874642,-0.09696588702229997,0.2190248535719584,-0.2132464719338619,-0.028290773506220824,0.2277995501646324,-0.0007276082468597812,-0.1765910581389402,0.02682355802938616,-0.05796389134656294,0.20071874879490875,0.04847784854684891,-0.06117008151214615,0.17825067603454128,0.04788749812365217,-0.05934321496415868,0.042965550308927854,-0.17109384484871618,0.13048795403895072,0.07112476726722887,0.198955256724964,0.0824997853565633,0.1493321222337895,0.06181590934944278,0.09313323244972582,-0.14989061248433064,-0.05077148760127602,0.011576681141399602,0.07891234868278965,0.02758747057782694,0.07952022246686276,-0.04822415692090353,0.06909276034314843,-0.03444315940165969,0.07046461828548527,-0.07083825666401121,0.11512483431043172,-0.1853594476714246,0.12104787719331994,-0.006457222062303615,0.04862909689245426
L1C_rot,-0.04246455330881647,0.09689153554322938,0.5612789826315241,0.17397754022476233,-0.2589070453865927,0.2714044273918389,1.0,0.10752896119102133,-0.02514659496282559,-0.17307086669058752,0.21998768300397795,0.08754228979417869,-0.15307762626174554,0.011645890161245856,0.2626284393198438,-0.09026550888989036,0.10735624357400486,-0.18704101846117685,0.05247845652149057,-0.039537846315869804,-0.2494152600288782,-0.1243624946041947,0.2755510852258228,-0.18442826523913283,-0.017348513137937012,-0.00628566848725502,0.0614295865047174,0.007058545404918356,-0.05092800220799672,-0.0151492075578107,0.018661345042522724,0.005793237060154239,-0.07275670089252964,0.006655655077758491,-0.04349829322840738,0.017631248030503012,0.00485680835464244,-0.08000112679332437,-0.10118745328044933,-0.12708021986902515,0.11281611544135292,-0.024375529631590787,0.2524774270480586,-0.1266791425243701,0.07413868333350528,-0.14395215664306552,0.02280832579533203,-0.11770848627962757
L1D_flex,-0.33847110662989854,0.46801710513030004,-0.1174264220782211,0.4701281053391384,-0.38595440204545617,0.7552894853874642,0.10752896119102133,1.0,-0.057936271187082694,0.13960359882204723,-0.06179569102227623,-0.11775042020241007,0.09477105593855988,-0.053177353292508105,-0.13652581039757794,0.018899334121789943,-0.017707067707432123,0.12245894914324543,0.07531696673422933,-0.07663310127872142,0.06312423508256332,0.025819854287522467,-0.07329652885792272,0.08319215946061531,-0.021727126814649084,0.05900772411649687,0.0793573037263322,0.041535371693587765,-0.02146993643062029,0.08542782498221622,0.10337341675870391,0.14860784091008036,0.005608599798539036,-0.03473459826845259,-0.03038152303493061,-0.015224540840085803,0.03948338951240274,0.012730061602967638,-0.004821091067332501,0.07161422723390579,-0.07932988062023359,0.07019356250166958,-0.046361862129418896,0.06404083484889904,-0.07782331681324031,0.07937238239744851,0.029715150366739582,0.08596282191612882
L2A_abduct,0.36793915454625786,-0.11460174391138854,0.1304512290404603,-0.21098632219392516,0.10790674684942575,-0.09696588702229997,-0.02514659496282559,-0.057936271187082694,1.0,-0.506384474310737,0.06277747136960157,-0.07147760820882351,-0.08062505785042048,-0.02641289538214382,-0.024784465493156743,-0.025781505484716506,0.025694683365546863,-0.09877577608963208,-0.10905606835837733,0.2542462519857377,-0.020283145493184534,0.025608346365379304,0.00792789178227241,0.015960261078133715,0.25678929129167943,-0.007419025761102168,-0.08004059790050153,-0.1669078310678645,-0.051054709030847016,-0.0978848494314904,-0.006670744740611816,-0.11878408379409615,0.4716599061768688,-0.08892343950091595,-0.06870413690016312,0.029164089485787924,0.07723932938620462,0.0685960659268868,0.012929515313605982,0.03558021135753291,0.02078104469670173,-0.05468879805761977,-0.06567110535813087,-0.04018733143919719,0.05964933870100697,-0.06481005558405294,0.04286769200590973,-0.0955446685446495
L2A_flex,-0.29907108124442217,0.17256296750398567,-0.39667669231479663,0.2437279999029048,-0.09688943589330118,0.2190248535719584,-0.17307086669058752,0.13960359882204723,-0.506384474310737,1.0,-0.5244056991585117,-0.12544297397234927,0.560487040158173,-0.07975174205612125,-0.4694224435660378,0.0022253522954277893,-0.23199750396714286,0.5216302685396518,-0.083038103999356,-0.23838971818957386,0.4044565356596195,0.09876102093775474,-0.3273177878936074,0.1677692320694793,-0.19261421145304805,0.05668661476126349,-0.035756438314374264,0.22369414210256902,0.20983911728790783,0.1499939682746217,-0.007259054646120897,0.10385032299624662,-0.2498302566549381,0.07845351120384969,0.0793200361212658,0.0666012254125046,0.012485369989706823,0.1068018982660229,0.020934339343456634,0.11980650155078072,-0.1110547470749989,0.06392512968363286,-0.25006878136144256,0.16167703123484187,-0.18879198766286567,0.20793425400387228,-0.09337130496349914,0.1855438137086968
L2A_rot,0.22228086865721658,-0.12890786021235653,0.43256766257542706,-0.24642885862470137,0.14672182898026023,-0.2132464719338619,0.21998768300397795,-0.06179569102227623,0.06277747136960157,-0.5244056991585117,1.0,-0.2241965268781274,-0.6783340787026559,-0.32984599561863726,0.6176183697629668,-0.3811649264346334,0.19566448882930257,-0.412364929937232,0.14332264754082016,0.0699347999160342,-0.409890629066682,-0.1016987887535147,0.3080583280347268,-0.1260805900667976,0.1671804418837578,-0.09156038040522971,0.07496375151618048,-0.2550403637370742,-0.29224248883168175,-0.18838304115507665,0.02157227682728481,-0.04651298229363607,0.13505198151299483,0.06552095325633527,-0.07172810977471603,-0.18931217442764864,-0.05707331043379754,-0.20679742485687502,0.0027106317450370223,-0.16831396759492276,0.09063655814715924,-0.06026766595561211,0.306810791608561,-0.2379396911700102,0.2529092648389434,-0.26090146350653604,0.04487992502805444,-0.13055223310231598
L2B_flex,0.005040420041675691,-0.08968346826140004,0.04319512326522699,0.05257552230441685,-0.17213596074452062,-0.028290773506220824,0.08754228979417869,-0.11775042020241007,-0.07147760820882351,-0.12544297397234927,-0.2241965268781274,1.0,-0.3444869704657936,0.768316171949464,0.4084806356381973,0.49551437237348966,0.14172850778521118,-0.24766743481957945,-0.0635444828147818,-0.0038013625855052922,-0.1932626800887256,-0.09685912162962633,0.19639634408860127,-0.19016190357732596,0.005070693782292653,-0.10911006754582357,-0.1333419415392872,-0.006427409475208494,0.05179057877462207,-0.016750213934570636,-0.17031013976719242,-0.0628273699415659,-0.14261239724264196,-0.013251610909227513,-0.058739254101360924,0.08199086908615229,0.03330131495466173,-0.03157572748503315,-0.15805262574906295,-0.1368196227338498,0.19227325351274455,-0.04940765739304874,0.15549251489216598,-0.07557660164878693,0.09839892353991939,-0.085884006940753,-0.03954055989863887,-0.13259403919256488
L2B_rot,-0.3298964664460554,0.22108767143509886,-0.383170294226361,0.26778272085619875,-0.05354541799326216,0.2277995501646324,-0.15307762626174554,0.09477105593855988,-0.08062505785042048,0.560487040158173,-0.6783340787026559,-0.3444869704657936,1.0,-0.14159353745286257,-0.7531390757496784,0.032109693671398036,-0.24313519917240112,0.4976873785964696,-0.11717499461827434,-0.13316664131771677,0.43612166015980497,0.05346426354908563,-0.3064963736006791,0.08945119012586633,-0.26887439716900824,0.18419461309727975,0.04004262173099793,0.3065009737947112,0.22007862819016516,0.1979893497089606,0.0638290006523845,0.09268142819546571,-0.19729532847893164,-0.01961706357529215,0.09786402674811988,0.1688246079721325,0.01531957285960397,0.1800699479749225,0.014581433829165503,0.1780884958971145,-0.1280345429142839,0.042713203571671486,-0.3027063512318515,0.2671401458355831,-0.27817367169121626,0.27243614110480974,-0.06768580649119696,0.12575026035908018
L2C_flex,-0.014780190520554752,-0.04906478176239296,-0.0003944776156425198,0.020833052985325718,-0.05880657136529522,-0.0007276082468597812,0.011645890161245856,-0.053177353292508105,-0.02641289538214382,-0.07975174205612125,-0.32984599561863726,0.768316171949464,-0.14159353745286257,1.0,0.2608250977869279,0.8076622252132336,0.0659405534064706,-0.08956290722500578,0.016123782554200914,-0.04439214139781617,-0.09721161398353975,-0.04866491205644464,0.062267185025236226,-0.08086818240499259,0.005404135421752657,-0.059172106008112166,-0.06312563614707786,0.009232580953178795,0.06099217024816238,-0.0025035451918125648,-0.036726421542788226,-0.012491697009641955,-0.055041788076238524,-0.07224195054633946,-0.010837046198986473,0.042870304604949144,0.029883272971701808,-0.017303068774389686,-0.061103587564743406,-0.035321919173232776,0.04437315841762893,0.0552793405529866,0.07626164386218584,0.01978035199662882,-0.025386210108915428,0.025886347644773974,0.06181202645324741,-0.010496264855512907
L2C_rot,0.10697789857330815,-0.11300196005233142,0.3765401782765214,-0.129212828645317,0.02563990697941711,-0.1765910581389402,0.2626284393198438,-0.13652581039757794,-0.024784465493156743,-0.4694224435660378,0.6176183697629668,0.4084806356381973,-0.7531390757496784,0.2608250977869279,1.0,0.041414620050782024,0.24105618303286663,-0.42012551918085106,0.0756089406061167,0.03481487669213488,-0.43000937856591437,-0.15293674669376903,0.39676852371617305,-0.23908872387108043,0.039071997642839446,-0.06541207449201988,0.0023274420444190968,-0.13839640063101957,-0.19034443631749276,-0.13873270913741917,-0.07076685653584522,-0.07474598602826481,-0.04709822508639146,0.06725290473627699,-0.10052082167182512,-0.09446931883741186,-0.03241077841429723,-0.1912061374502143,-0.1218568167355189,-0.2163099189433343,0.1892249549547147,-0.04361595825635382,0.3691742315445782,-0.24044503505864115,0.23193718682524023,-0.27462751320758366,-0.007376790112804895,-0.2129379865647831
L2D_flex,-0.0629468836960825,0.015292986225669394,-0.10011637774141467,0.021171970339577784,-0.0016869465749048866,0.02682355802938616,-0.09026550888989036,0.018899334121789943,-0.025781505484716506,0.0022253522954277893,-0.3811649264346334,0.49551437237348966,0.032109693671398036,0.8076622252132336,0.041414620050782024,1.0,-0.0012534832317216066,0.04583551733589371,0.08271098887516186,-0.02882301309508757,0.035797839372431695,0.04441740477123533,-0.07594876703056234,0.06520070796043087,-0.01825444850414177,-0.02369163804433836,-0.007492307940043155,0.006555762041205511,0.038953351356457895,0.008477413657729702,0.04110771071341388,0.021945918763067,-0.04654838013653192,-0.06050225679622973,0.038664578279446325,0.005490377510360649,-0.014604985990503193,0.021284393051772002,0.02377653830607657,0.07063005325445625,-0.06418745614651063,0.14005439829685162,0.0007821022201013055,0.08155304166204988,-0.14926554026366293,0.14004628127186247,0.126760998042587,0.08815266684958378
L3A_abduct,0.0559161997052909,-0.058367843256256456,0.15750411384512436,-0.060774342035526605,-0.018217767612546183,-0.05796389134656294,0.10735624357400486,-0.017707067707432123,0.025694683365546863,-0.23199750396714286,0.19566448882930257,0.14172850778521118,-0.24313519917240112,0.0659405534064706,0.24105618303286663,-0.0012534832317216066,1.0,-0.378286499531989,0.12173243319221042,-0.0109240476831216,-0.33340191015147347,-0.12525653535671918,0.27765447617110606,-0.13908543814241223,0.03772659778326999,-0.04362723441956891,0.06892466891574786,-0.061749454120977314,-0.12151229588960047,-0.003824595418285209,-0.005412470483501313,0.03803183486235485,-0.00513737342796891,0.02813088226946882,-0.05280720110051046,-0.08374813964935231,-0.038304175213813116,-0.10989949985524881,-0.0012040945635448488,-0.11720306979288864,0.06399647396036542,-0.06676621235684353,0.14279031276283372,-0.07586616223773872,0.1002227645501071,-0.127192312324323,-0.008208079262476497,-0.09400029383108854
L3A_flex,-0.27420449578535205,0.20992949432168675,-0.3290175375270065,0.2278629395633632,-0.0566430516260933,0.20071874879490875,-0.18704101846117685,0.12245894914324543,-0.09877577608963208,0.5216302685396518,-0.412364929937232,-0.24766743481957945,0.4976873785964696,-0.08956290722500578,-0.42012551918085106,0.04583551733589371,-0.378286499531989,1.0,-0.13367982825479208,-0.11188235400266833,0.7059751357613117,0.2373632184993751,-0.5411364114660798,0.2931726254795676,-0.18969983490027686,0.14785312121916996,0.029666220046255787,0.24892710610776791,0.21007938425685363,0.1387884580890884,0.09034691521711982,0.048130878555742405,-0.12954128293685865,-0.04997586804683871,0.185188437499169,0.1290622757255043,-0.04711450166284166,0.2473329809905796,0.09157524776727267,0.2737748942304469,-0.17775894079269575,0.20673492573074914,-0.24534739091583876,0.20144259214508473,-0.2953546190291241,0.2593413283421804,0.029983464847740445,0.16625717348521674
L3A_rot,-0.09629931260652583,0.05023764460591626,0.08693636599494885,0.02015369288475652,-0.019103719474966724,0.04847784854684891,0.05247845652149057,0.07531696673422933,-0.10905606835837733,-0.083038103999356,0.14332264754082016,-0.0635444828147818,-0.11717499461827434,0.016123782554200914,0.0756089406061167,0.08271098887516186,0.12173243319221042,-0.13367982825479208,1.0,0.23737943749454696,-0.10882664750525281,0.21907129562754343,0.28847615703336743,0.10913995639911818,-0.03677786430680548,-0.00942612947958922,0.1631651049577748,-0.029356235278438277,-0.11394862720926284,0.015446430126063558,0.12948440258513974,0.049402350480618404,-0.1306478698375928,0.007148467227415569,0.05961793874429475,-0.21609915130621454,-0.14744731478772438,-0.1337842607982112,0.14868687501145583,-0.03307637687918102,-0.06505060417827206,0.21584615082338954,0.10934836785615555,-0.06501309570787572,-0.1209073929617466,0.04732709076695765,0.22438650625429324,0.08570628791641836
L3B_flex,0.15876955384401262,-0.01810306337263738,-0.00032251150637126246,-0.04776485072636183,-0.001378981135736318,-0.06117008151214615,-0.039537846315869804,-0.07663310127872142,0.2542462519857377,-0.23838971818957386,0.0699347999160342,-0.0038013625855052922,-0.13316664131771677,-0.04439214139781617,0.03481487669213488,-0.02882301309508757,-0.0109240476831216,-0.11188235400266833,0.23737943749454696,1.0,0.2860681990509444,0.6237382229528576,0.01447342204707399,0.38653584757103,0.11869528312394652,-0.02181717374413478,-0.06962553873037576,-0.10459640415063257,-0.05091425678051557,-0.09958522332375737,-0.048975124432880456,-0.11544439527344565,0.17803822544794332,-0.01815329784852341,-0.01008391650780535,0.002369782937389094,0.00787970444292678,0.04867482130152263,-0.01567510998090392,0.022463072702812406,-0.0029658311185554384,0.08274418470934164,0.007205102998567256,-0.08090597191472224,0.03187395376813865,0.0026001953249625512,0.043229906744281,0.0022202044540691884
L3B_rot,-0.22202325111278223,0.20947473934236982,-0.4000161437094247,0.24565956524738883,-0.09811035138324158,0.17825067603454128,-0.2494152600288782,0.06312423508256332,-0.020283145493184534,0.4044565356596195,-0.409890629066682,-0.1932626800887256,0.43612166015980497,-0.09721161398353975,-0.43000937856591437,0.035797839372431695,-0.33340191015147347,0.7059751357613117,-0.10882664750525281,0.2860681990509444,1.0,0.5414430280741042,-0.6110233610481564,0.48729352468414194,-0.15433500252023782,0.11881185818711625,-0.043827627461720996,0.2194420957542117,0.2091476547270739,0.11650949206620792,0.01688940382118423,-0.010569393487578889,-0.08953146377013849,-0.033930683774551114,0.1604858226356819,0.14567929438269991,-0.033444379922358936,0.2689464438960946,0.060170020776515884,0.27690535329439653,-0.1809077609066466,0.2125949331903024,-0.2704092041324676,0.1835022079845396,-0.3240694901504494,0.263663862285386,0.01788117879964452,0.15955752929009961
L3C_flex,-0.028114342504873262,0.04416109750682108,-0.15816369809251318,0.05328946922055204,-0.0369152190180895,0.04788749812365217,-0.1243624946041947,0.025819854287522467,0.025608346365379304,0.09876102093775474,-0.1016987887535147,-0.09685912162962633,0.05346426354908563,-0.04866491205644464,-0.15293674669376903,0.04441740477123533,-0.12525653535671918,0.2373632184993751,0.21907129562754343,0.6237382229528576,0.5414430280741042,1.0,-0.36095577664058043,0.7549958987484889,0.015777466955399874,-0.022544445488987645,-0.046805495816251305,0.012272954980892203,0.07410379705311704,-0.0370670157738119,0.024451859001855883,-0.04965610162792098,0.015270224113843798,-0.07923329548091104,0.07764791179473414,0.0676426388550246,0.016517157203186347,0.15189110321467666,0.03413209980011654,0.16287978699539732,-0.060231614741598445,0.08216731506427748,-0.1533746391217992,0.09912354840674281,-0.11278419047341923,0.18507738398657192,0.038805983532025135,0.15653152824239108
L3C_rot,0.0333184471480388,-0.044338064748430245,0.28898775138712957,-0.03244660261892425,-0.02639880929153401,-0.05934321496415868,0.2755510852258228,-0.07329652885792272,0.00792789178227241,-0.3273177878936074,0.3080583280347268,0.19639634408860127,-0.3064963736006791,0.062267185025236226,0.39676852371617305,-0.07594876703056234,0.27765447617110606,-0.5411364114660798,0.28847615703336743,0.01447342204707399,-0.6110233610481564,-0.36095577664058043,1.0,-0.41472063319678815,-0.03265255669791448,0.01766465552264614,0.07000607267532719,-0.04147501911061926,-0.14893430882650552,-0.0362606439784192,-0.04022240060393918,-0.005787986414338435,-0.06209909165736452,0.060743505719953156,-0.12556722500509176,-0.0443749845718974,0.015058827075646925,-0.17364470087099132,-0.13922328447682603,-0.2343072909533611,0.20390821953917312,-0.09690564283441569,0.291615377397118,-0.1582102912003815,0.15827631925095376,-0.19710921758862399,-0.02099088235157483,-0.2017605197367252
L3D_flex,0.02684250645995757,0.01630172507587824,-0.16945386436950405,-0.015200914534089055,0.02145971355293731,0.042965550308927854,-0.18442826523913283,0.08319215946061531,0.015960261078133715,0.1677692320694793,-0.1260805900667976,-0.19016190357732596,0.08945119012586633,-0.08086818240499259,-0.23908872387108043,0.06520070796043087,-0.13908543814241223,0.2931726254795676,0.10913995639911818,0.38653584757103,0.48729352468414194,0.7549958987484889,-0.41472063319678815,1.0,0.08233221190310842,-0.04268925685589683,-0.03285323041277167,-0.04228214862644242,0.04647947122285925,-0.04105408900093324,0.07674321895922014,-0.009263385840175756,0.0937396213722879,-0.0628597190777809,0.08786232461929835,0.004872792802392643,0.0035948811796351846,0.14784099836296308,0.1257185846994859,0.2221356481465493,-0.14630338383792985,0.11338660928112704,-0.17067607712028887,0.082400901738813,-0.12484600495861385,0.16703476824055133,0.09389516738204956,0.21340275096368247
R1A_abduct,0.5581973778069342,-0.3625571631975973,0.21540523485663335,-0.3985115706420072,0.13767255060742736,-0.17109384484871618,-0.017348513137937012,-0.021727126814649084,0.25678929129167943,-0.19261421145304805,0.1671804418837578,0.005070693782292653,-0.26887439716900824,0.005404135421752657,0.039071997642839446,-0.01825444850414177,0.03772659778326999,-0.18969983490027686,-0.03677786430680548,0.11869528312394652,-0.15433500252023782,0.015777466955399874,-0.03265255669791448,0.08233221190310842,1.0,-0.8480671634844533,-0.5249515624398823,-0.7323924454463564,-0.12167991386673074,-0.6188685476775241,-0.1940514399204672,-0.42736425060899563,0.575313743195969,-0.14211138682838204,-0.05199293745881899,-0.029283084556420987,0.14075119196712402,0.01566419612157409,0.05650735321338755,-0.006441615126863112,-0.06528573419382187,-0.09904585737937986,-0.01257191352236953,-0.08736812381345956,0.26180281334655975,-0.10853157834489503,0.09525440313618491,0.04466408027905657
R1A_flex,-0.2868595114752567,0.29444837404573687,-0.14516342986952666,0.2358096979677689,-0.0325384830604236,0.13048795403895072,-0.00628566848725502,0.05900772411649687,-0.007419025761102168,0.05668661476126349,-0.09156038040522971,-0.10911006754582357,0.18419461309727975,-0.059172106008112166,-0.06541207449201988,-0.02369163804433836,-0.04362723441956891,0.14785312121916996,-0.00942612947958922,-0.02181717374413478,0.11881185818711625,-0.022544445488987645,0.01766465552264614,-0.04268925685589683,-0.8480671634844533,1.0,0.5950626854538055,0.699795658122014,0.08006305935820042,0.6860272327820962,0.2637760793743872,0.5125007306411337,-0.15811948227527656,0.06791240210722327,-0.006427179564802955,0.00864359304995498,-0.045086907007964895,-0.010974139276645605,-0.034108777191596114,0.04028587001346626,-0.04226379782782306,0.09787702783926111,-0.03582112485158906,0.09084595377684605,-0.1877819168790567,0.06323655020750656,-0.07348637448830735,-0.030459924441011296
R1A_rot,-0.20237978627987152,0.16508908745968032,-0.0045915246471475175,0.10789669429483406,0.04717984960201935,0.07112476726722887,0.0614295865047174,0.0793573037263322,-0.08004059790050153,-0.035756438314374264,0.07496375151618048,-0.1333419415392872,0.04004262173099793,-0.06312563614707786,0.0023274420444190968,-0.007492307940043155,0.06892466891574786,0.029666220046255787,0.1631651049577748,-0.06962553873037576,-0.043827627461720996,-0.046805495816251305,0.07000607267532719,-0.03285323041277167,-0.5249515624398823,0.5950626854538055,1.0,0.3253867147988551,-0.24647625650789518,0.37137052515729313,0.641751267006389,0.3253214083019859,-0.17590270141244949,0.0685610895146427,0.06858225488415166,-0.06586281597671455,-0.0840291863064955,-0.056463185385870904,0.09761775652128546,0.05379619670214849,-0.031888367657774634,0.13025683127171048,0.06101050780196223,0.05192498156527107,-0.17620446266726358,0.07288117513471143,0.06410078500987865,0.046284168071648694
R1B_flex,-0.40410348285674413,0.2821947299966182,-0.2184393919535556,0.35165651665427394,-0.17041609912996494,0.198955256724964,0.007058545404918356,0.041535371693587765,-0.1669078310678645,0.22369414210256902,-0.2550403637370742,-0.006427409475208494,0.3065009737947112,0.009232580953178795,-0.13839640063101957,0.006555762041205511,-0.061749454120977314,0.24892710610776791,-0.029356235278438277,-0.10459640415063257,0.2194420957542117,0.012272954980892203,-0.04147501911061926,-0.04228214862644242,-0.7323924454463564,0.699795658122014,0.3253867147988551,1.0,0.5696336267541628,0.8332185791015956,0.002748893137523497,0.5120360606868205,-0.2867436053273972,-0.02506515522029102,0.07248767259828472,0.1431101975082669,-0.013685797556852834,0.06242991320176855,-0.04747866906102633,0.020004612489259558,0.011624089260028793,-0.004844728636271629,-0.09418780862642388,0.1442242159455457,-0.19824485281578602,0.0980026749407572,-0.11549119409029518,-0.028641246507427765
R1B_rot,-0.08253287827481035,0.0037343691580880535,-0.15794150743038646,0.102305287959154,-0.1062677034758659,0.0824997853565633,-0.05092800220799672,-0.02146993643062029,-0.051054709030847016,0.20983911728790783,-0.29224248883168175,0.05179057877462207,0.22007862819016516,0.06099217024816238,-0.19034443631749276,0.038953351356457895,-0.12151229588960047,0.21007938425685363,-0.11394862720926284,-0.05091425678051557,0.2091476547270739,0.07410379705311704,-0.14893430882650552,0.04647947122285925,-0.12167991386673074,0.08006305935820042,-0.24647625650789518,0.5696336267541628,1.0,0.43676808161718433,-0.2777238493825243,0.23435927739014928,0.011802458426266486,-0.1461940436841283,0.07966535091338758,0.18698454071896203,0.08968286459919511,0.1242826080515796,-0.013298842726560435,0.01757483290741934,0.018794575278448748,-0.13360072208256754,-0.20840674114978056,0.10918083887340949,-0.018848496859288646,0.06375845861269187,-0.11444113077141839,0.020311653891306698
R1C_flex,-0.20425354439481988,0.13754112385229536,-0.1419062830595964,0.1975193159192791,-0.12016925811052998,0.1493321222337895,-0.0151492075578107,0.08542782498221622,-0.0978848494314904,0.1499939682746217,-0.18838304115507665,-0.016750213934570636,0.1979893497089606,-0.0025035451918125648,-0.13873270913741917,0.008477413657729702,-0.003824595418285209,0.1387884580890884,0.015446430126063558,-0.09958522332375737,0.11650949206620792,-0.0370670157738119,-0.0362606439784192,-0.04105408900093324,-0.6188685476775241,0.6860272327820962,0.37137052515729313,0.8332185791015956,0.43676808161718433,1.0,0.03877591712647763,0.775154173102269,-0.13685416671880557,-0.014093069998044478,0.06275134363334021,0.059521630013143076,-0.014428771899404263,0.01830349095551468,0.021692240692879644,0.024553299141143167,-0.007972783476166735,0.01673629481496069,-0.102974898933789,0.08298598895825691,-0.1434282879866704,0.06871625525626626,-0.0562205022495624,0.012867378325974205
R1C_rot,-0.07550077255190367,0.06459538351470465,0.02047261685930317,0.0027190093847613635,0.10902594725216726,0.06181590934944278,0.018661345042522724,0.10337341675870391,-0.006670744740611816,-0.007259054646120897,0.02157227682728481,-0.17031013976719242,0.0638290006523845,-0.036726421542788226,-0.07076685653584522,0.04110771071341388,-0.005412470483501313,0.09034691521711982,0.12948440258513974,-0.048975124432880456,0.01688940382118423,0.024451859001855883,-0.04022240060393918,0.07674321895922014,-0.1940514399204672,0.2637760793743872,0.641751267006389,0.002748893137523497,-0.2777238493825243,0.03877591712647763,1.0,0.144484171310366,-0.040720372939322375,0.016571987248187984,0.07340767466212066,-0.04588631039775269,-0.04172131517992058,0.009648448461998093,0.15299013039915588,0.146133953155288,-0.0829586850844935,0.11839269507068831,-0.03137827478827112,0.07694193040092066,-0.17092614664573708,0.11867287368377323,0.10678496903214334,0.12004075942236742
R1D_flex,-0.06938900231245558,0.025474297896391725,-0.045974062348271574,0.05074967533628547,-0.019747902862977482,0.09313323244972582,0.005793237060154239,0.14860784091008036,-0.11878408379409615,0.10385032299624662,-0.04651298229363607,-0.0628273699415659,0.09268142819546571,-0.012491697009641955,-0.07474598602826481,0.021945918763067,0.03803183486235485,0.048130878555742405,0.049402350480618404,-0.11544439527344565,-0.010569393487578889,-0.04965610162792098,-0.005787986414338435,-0.009263385840175756,-0.42736425060899563,0.5125007306411337,0.3253214083019859,0.5120360606868205,0.23435927739014928,0.775154173102269,0.144484171310366,1.0,-0.060173931401976626,0.010663602362911227,0.048620575961660514,-0.018538260974577198,-0.0075610111338548095,-0.030706848469012938,0.05835280792779433,0.05849931317337066,-0.024857337486683072,0.017902910290504132,-0.06473730736094237,0.035572906063856546,-0.056512720096043335,0.037613674581188736,-0.024137804630532094,0.06230014512303663
R2A_abduct,0.6066808934709911,-0.25603605855965417,0.1452298718721357,-0.40172452254505575,0.23447096343570212,-0.14989061248433064,-0.07275670089252964,0.005608599798539036,0.4716599061768688,-0.2498302566549381,0.13505198151299483,-0.14261239724264196,-0.19729532847893164,-0.055041788076238524,-0.04709822508639146,-0.04654838013653192,-0.00513737342796891,-0.12954128293685865,-0.1306478698375928,0.17803822544794332,-0.08953146377013849,0.015270224113843798,-0.06209909165736452,0.0937396213722879,0.575313743195969,-0.15811948227527656,-0.17590270141244949,-0.2867436053273972,0.011802458426266486,-0.13685416671880557,-0.040720372939322375,-0.060173931401976626,1.0,-0.43759771595746116,-0.14831567976478585,0.1293364310425441,0.34758355631909055,0.09806187845526569,-0.02739826013380855,0.0680639127565013,-0.12087705055188411,-0.1761140286431421,-0.1616938924408399,0.05067425422996244,0.21638908791400543,-0.054265859335410394,0.013097262857665113,0.07437596445387984
R2A_flex,-0.0628377516849002,0.0410780384559268,0.04355045485200464,0.01776454394217359,6.458186851085233e-05,-0.05077148760127602,0.006655655077758491,-0.03473459826845259,-0.08892343950091595,0.07845351120384969,0.06552095325633527,-0.013251610909227513,-0.01961706357529215,-0.07224195054633946,0.06725290473627699,-0.06050225679622973,0.02813088226946882,-0.04997586804683871,0.007148467227415569,-0.01815329784852341,-0.033930683774551114,-0.07923329548091104,0.060743505719953156,-0.0628597190777809,-0.14211138682838204,0.06791240210722327,0.0685610895146427,-0.02506515522029102,-0.1461940436841283,-0.014093069998044478,0.016571987248187984,0.010663602362911227,-0.43759771595746116,1.0,0.27213303806428385,-0.31802801300443745,-0.4802766433568439,-0.16806935132255216,0.24907587796620168,-0.10472571460910461,-0.05538254630606008,0.28961634067331915,0.2434171877924103,-0.2364146567371457,-0.06030145328135179,-0.16620950358520087,0.08730007409098943,-0.12103268682559791
R2A_rot,-0.11671741970363127,0.062110718616584036,-0.0455768993877553,0.08486351083888861,-0.05071275782217004,0.011576681141399602,-0.04349829322840738,-0.03038152303493061,-0.06870413690016312,0.0793200361212658,-0.07172810977471603,-0.058739254101360924,0.09786402674811988,-0.010837046198986473,-0.10052082167182512,0.038664578279446325,-0.05280720110051046,0.185188437499169,0.05961793874429475,-0.01008391650780535,0.1604858226356819,0.07764791179473414,-0.12556722500509176,0.08786232461929835,-0.05199293745881899,-0.006427179564802955,0.06858225488415166,0.07248767259828472,0.07966535091338758,0.06275134363334021,0.07340767466212066,0.048620575961660514,-0.14831567976478585,0.27213303806428385,1.0,0.11901055865231502,-0.6073145830337338,0.5017293677112038,0.537914212807481,0.4243885299034976,0.007454488590240734,0.11128903253218397,-0.006229358398837897,0.027311926444976837,-0.16251308223069572,0.08438757140760252,0.08889723589484776,0.05566495599401803
R2B_flex,-0.062310470409244784,0.0056381472296954315,-0.08809823756428768,0.10738594380411404,-0.10251266638053272,0.07891234868278965,0.017631248030503012,-0.015224540840085803,0.029164089485787924,0.0666012254125046,-0.18931217442764864,0.08199086908615229,0.1688246079721325,0.042870304604949144,-0.09446931883741186,0.005490377510360649,-0.08374813964935231,0.1290622757255043,-0.21609915130621454,0.002369782937389094,0.14567929438269991,0.0676426388550246,-0.0443749845718974,0.004872792802392643,-0.029283084556420987,0.00864359304995498,-0.06586281597671455,0.1431101975082669,0.18698454071896203,0.059521630013143076,-0.04588631039775269,-0.018538260974577198,0.1293364310425441,-0.31802801300443745,0.11901055865231502,1.0,0.5129424684099277,0.6953541678620727,-0.38586320989285483,0.43040226939103154,0.16431965075649263,-0.2974849211760148,-0.1448677372493778,0.21224900826439122,-0.03119435944346939,0.16175666454044327,-0.12636036124322778,0.00195647699902411
R2B_rot,0.14877553026750753,-0.10339120381552801,-0.022231560300780596,-0.07701169001713122,0.031288211542643635,0.02758747057782694,0.00485680835464244,0.03948338951240274,0.07723932938620462,0.012485369989706823,-0.05707331043379754,0.03330131495466173,0.01531957285960397,0.029883272971701808,-0.03241077841429723,-0.014604985990503193,-0.038304175213813116,-0.04711450166284166,-0.14744731478772438,0.00787970444292678,-0.033444379922358936,0.016517157203186347,0.015058827075646925,0.0035948811796351846,0.14075119196712402,-0.045086907007964895,-0.0840291863064955,-0.013685797556852834,0.08968286459919511,-0.014428771899404263,-0.04172131517992058,-0.0075610111338548095,0.34758355631909055,-0.4802766433568439,-0.6073145830337338,0.5129424684099277,1.0,0.003632760645086397,-0.629491421179376,-0.042134577656442046,0.0833794960923867,-0.35088991873117475,-0.18013227614491428,0.1443210430304338,0.15927917562605765,0.0766780352625463,-0.15474875587654247,0.04613014338349789
R2C_flex,-0.05005362558328462,0.03843642118472402,-0.13794515903786098,0.09653167475459701,-0.08381847119889724,0.07952022246686276,-0.08000112679332437,0.012730061602967638,0.0685960659268868,0.1068018982660229,-0.20679742485687502,-0.03157572748503315,0.1800699479749225,-0.017303068774389686,-0.1912061374502143,0.021284393051772002,-0.10989949985524881,0.2473329809905796,-0.1337842607982112,0.04867482130152263,0.2689464438960946,0.15189110321467666,-0.17364470087099132,0.14784099836296308,0.01566419612157409,-0.010974139276645605,-0.056463185385870904,0.06242991320176855,0.1242826080515796,0.01830349095551468,0.009648448461998093,-0.030706848469012938,0.09806187845526569,-0.16806935132255216,0.5017293677112038,0.6953541678620727,0.003632760645086397,1.0,-0.004536239168383816,0.777269802655556,0.021236173981981663,-0.07307560251839888,-0.1440322858528341,0.14480416494162834,-0.10379171509844733,0.157765463784681,0.013448972243906619,0.0426456088447371
R2C_rot,0.031169921971911894,-0.013743133264720006,-0.012724930321980658,-0.06931871851060512,0.07738943565251319,-0.04822415692090353,-0.10118745328044933,-0.004821091067332501,0.012929515313605982,0.020934339343456634,0.0027106317450370223,-0.15805262574906295,0.014581433829165503,-0.061103587564743406,-0.1218568167355189,0.02377653830607657,-0.0012040945635448488,0.09157524776727267,0.14868687501145583,-0.01567510998090392,0.060170020776515884,0.03413209980011654,-0.13922328447682603,0.1257185846994859,0.05650735321338755,-0.034108777191596114,0.09761775652128546,-0.04747866906102633,-0.013298842726560435,0.021692240692879644,0.15299013039915588,0.05835280792779433,-0.02739826013380855,0.24907587796620168,0.537914212807481,-0.38586320989285483,-0.629491421179376,-0.004536239168383816,1.0,0.08249360173003956,-0.12128603937068251,0.19514454192491199,-0.022250610297688666,-0.05000044206503332,-0.10435922643560959,0.013827021901863102,0.174805220959073,0.11660418430865438
R2D_flex,-0.041665852094036795,0.041938603305409126,-0.14839803197453932,0.04825200537371064,-0.003563371724066871,0.06909276034314843,-0.12708021986902515,0.07161422723390579,0.03558021135753291,0.11980650155078072,-0.16831396759492276,-0.1368196227338498,0.1780884958971145,-0.035321919173232776,-0.2163099189433343,0.07063005325445625,-0.11720306979288864,0.2737748942304469,-0.03307637687918102,0.022463072702812406,0.27690535329439653,0.16287978699539732,-0.2343072909533611,0.2221356481465493,-0.006441615126863112,0.04028587001346626,0.05379619670214849,0.020004612489259558,0.01757483290741934,0.024553299141143167,0.146133953155288,0.05849931317337066,0.0680639127565013,-0.10472571460910461,0.4243885299034976,0.43040226939103154,-0.042134577656442046,0.777269802655556,0.08249360173003956,1.0,-0.0944391686294191,0.051970388938235405,-0.15746264267690738,0.12442695693693812,-0.13843072319580355,0.1710030321471115,0.07827633101719121,0.1081321935429494
